385.476563 109.538025
386.522308 133.193665
387.612732 156.862244
388.584778 180.694412
389.800079 204.716431
390.914246 229.009674
392.005127 253.445190
361.570953 113.090759
362.557587 136.406021
363.510620 159.848465
364.518402 183.517014
365.485596 207.306305
366.490356 231.316223
367.366364 255.336014
338.388855 116.481262
339.195557 139.561462
340.201447 162.740067
340.836304 186.205139
341.738373 209.608902
342.631256 233.418396
343.363098 257.275848
315.524719 119.691551
316.305847 142.567139
317.078644 165.612503
317.799194 188.659683
318.572144 211.991623
319.314178 235.516769
320.226654 259.179657
293.330933 122.922638
293.886780 145.578461
294.596313 168.417984
295.216461 191.316940
295.899811 214.353836
296.482056 237.554077
297.290802 260.917755
271.351135 126.049843
271.886719 148.507828
272.512115 171.080032
273.030182 193.631348
273.608154 216.543350
274.290314 239.549500
274.702972 262.687958
249.700058 129.132065
250.379349 151.344360
250.835159 173.628738
251.270462 196.149490
251.784210 218.673004
252.302780 241.530228
252.622940 264.530945
