385.604797 109.523514
386.621521 133.152603
387.719910 156.837051
388.695465 180.657501
389.917328 204.663773
390.998016 228.957748
392.145660 253.422180
361.695007 113.037979
362.667023 136.380707
363.593109 159.779160
364.617767 183.491409
365.549286 207.237396
366.553101 231.238602
367.427338 255.303299
338.512360 116.451752
339.348022 139.513214
340.319519 162.700882
340.958771 186.064041
341.801117 209.580551
342.717834 233.370636
343.412750 257.185516
315.602142 119.637894
316.411682 142.521591
317.235962 165.567551
317.862610 188.598236
318.611206 211.941360
319.377045 235.467651
320.322693 259.102417
293.416870 122.835838
294.018829 145.523193
294.720154 168.360123
295.349762 191.236679
296.016174 214.274124
296.506256 237.478683
297.336975 260.854492
271.447571 125.918213
272.125732 148.444550
272.549377 170.980240
273.240143 193.584396
273.717712 216.476379
274.368988 239.504852
274.794769 262.601929
249.766876 128.993347
250.488068 151.270401
250.997681 173.570175
251.386520 196.010559
251.878891 218.595627
252.388641 241.472717
252.676712 264.480103
