385.652832 109.504646
386.676331 133.113525
387.747314 156.782669
388.793945 180.613190
389.995667 204.593155
391.109436 228.872849
392.209869 253.382278
361.736389 112.997284
362.706146 136.360657
363.655609 159.750244
364.670898 183.442291
365.596588 207.200134
366.616241 231.197830
367.473511 255.252182
338.567780 116.431511
339.403839 139.491592
340.337463 162.668839
340.996338 186.042557
341.897491 209.534470
342.813934 233.331909
343.501648 257.118927
315.689789 119.626282
316.473816 142.484726
317.328888 165.520782
317.997681 188.586044
318.694641 211.862534
319.471771 235.415680
320.393799 259.058380
293.434509 122.829147
294.089600 145.493576
294.770050 168.344208
295.406982 191.188477
296.131866 214.225769
296.570862 237.442291
297.383789 260.810760
271.510376 125.951012
272.217804 148.411865
272.612640 170.937439
273.264740 193.562088
273.818634 216.440247
274.399689 239.452209
274.936005 262.582611
249.845764 129.006073
250.537018 151.230072
251.072525 173.549454
251.417862 195.964355
252.015427 218.568558
252.445343 241.444565
252.729462 264.427948
