76.330315 23.423569
76.377449 28.702484
76.431274 33.982998
76.482674 39.292213
76.565498 44.625912
76.620766 50.004539
76.704117 55.412914
70.778015 23.360521
70.809952 28.654692
70.844673 33.931076
70.892830 39.274433
70.922981 44.617123
70.976051 49.991802
71.023331 55.352337
65.247047 23.297356
65.272804 28.591167
65.314102 33.880707
65.273224 39.182343
65.324142 44.556053
65.339912 49.937801
65.366287 55.311356
59.686539 23.187832
59.691055 28.496746
59.720623 33.815937
59.701462 39.138119
59.688049 44.501026
59.707924 49.903847
59.779274 55.311527
54.132076 23.117586
54.088257 28.427568
54.085995 33.769165
54.069565 39.089642
54.060101 44.459526
53.994419 49.851238
54.076855 55.248978
48.492123 23.026009
48.494789 28.348654
48.422562 33.672825
48.416790 39.013916
48.380779 44.397362
48.351086 49.808784
48.350388 55.209637
42.795132 22.927784
42.805668 28.268217
42.782246 33.606247
42.696827 38.945900
42.704670 44.342602
42.649632 49.754623
42.564850 55.187248
