76.055359 23.371840
76.105217 28.657295
76.172623 33.939430
76.201942 39.232727
76.303238 44.584732
76.357994 49.963612
76.450371 55.360878
70.490639 23.307684
70.527847 28.597267
70.564667 33.879463
70.619263 39.226654
70.657753 44.567104
70.703957 49.948612
70.762444 55.323174
64.963799 23.252941
64.979561 28.535387
65.035416 33.830341
65.013161 39.154552
65.037270 44.513538
65.069595 49.911995
65.089424 55.289040
59.403564 23.150635
59.415665 28.464300
59.435299 33.786499
59.414646 39.097870
59.420055 44.489861
59.431919 49.874146
59.525726 55.289776
53.807323 23.059446
53.793404 28.390430
53.788303 33.733944
53.779968 39.070656
53.775570 44.436970
53.721455 49.833721
53.806080 55.236301
48.190102 22.989744
48.195160 28.325190
48.134125 33.653976
48.141197 38.997364
48.095417 44.382023
48.088238 49.800804
48.053955 55.198864
42.498825 22.890486
42.520588 28.247511
42.496235 33.573734
42.432838 38.928123
42.404636 44.321796
42.376919 49.748356
42.293743 55.192726
