76.121765 23.383261
76.177910 28.679016
76.243202 33.957970
76.263420 39.246044
76.368217 44.601543
76.417397 49.977348
76.510818 55.371002
70.562378 23.323027
70.605125 28.612358
70.645676 33.909908
70.689049 39.231178
70.737709 44.595093
70.792816 49.986439
70.845062 55.336620
65.040985 23.264759
65.039047 28.544624
65.111008 33.851559
65.080978 39.194382
65.124550 44.526600
65.156944 49.920113
65.178818 55.313702
59.459743 23.154856
59.468781 28.469433
59.487324 33.799751
59.485203 39.114391
59.500854 44.495441
59.484402 49.880077
59.569328 55.303581
53.918228 23.092140
53.838573 28.396465
53.871883 33.747089
53.853115 39.083435
53.850323 44.455818
53.817806 49.847969
53.858067 55.248638
48.267151 23.016064
48.224499 28.335470
48.222130 33.676804
48.194569 38.991863
48.162598 44.393585
48.164688 49.810806
48.114609 55.210388
42.581654 22.922194
42.591450 28.252247
42.547913 33.581882
42.489895 38.956329
42.475712 44.326027
42.442989 49.753223
42.377735 55.189625
