327.097229 87.849655
327.993011 113.369896
328.943359 138.600830
329.843933 163.688004
330.800262 188.576935
331.747589 213.405609
332.658600 238.045227
300.951599 88.969566
302.132904 114.432465
303.102478 139.662048
304.165710 164.685410
305.162323 189.658783
306.189941 214.504486
307.165558 239.119583
275.116364 89.945114
276.209473 115.421143
277.334900 140.632828
278.413971 165.714737
279.482208 190.637131
280.495850 215.501251
281.520630 240.236252
249.052277 90.954582
250.308212 116.424858
251.448563 141.682327
252.596298 166.688599
253.705185 191.720764
254.799240 216.578476
256.016876 241.209869
223.047195 91.931641
224.316742 117.354996
225.528717 142.579819
226.617233 167.705078
227.967361 192.650391
229.030365 217.581818
230.291168 242.232132
196.944031 92.842201
198.322617 118.348564
199.534424 143.621567
200.779022 168.636826
202.097565 193.666794
203.349319 218.557648
204.534225 243.307159
170.730850 93.828957
172.209824 119.337631
173.508850 144.550171
174.670685 169.672119
176.152908 194.600296
177.376770 219.596725
178.563736 244.381989
