326.994141 87.790878
327.841248 113.318214
328.791168 138.571625
329.723846 163.671875
330.729858 188.550613
331.656036 213.387482
332.612305 238.011154
300.841766 88.882896
301.968109 114.408264
302.964386 139.620956
304.063354 164.654709
305.063141 189.627716
306.094299 214.469879
307.058044 239.082108
275.021790 89.909996
276.118347 115.403961
277.253357 140.631470
278.306549 165.703827
279.402924 190.623184
280.441345 215.499100
281.435516 240.215836
248.949280 90.849335
250.206345 116.412941
251.356598 141.673920
252.509811 166.675919
253.617981 191.697739
254.706238 216.572449
255.877075 241.229340
222.908340 91.855057
224.196945 117.364670
225.436020 142.562363
226.533920 167.696533
227.788803 192.648346
228.959641 217.568939
230.213852 242.235565
196.767715 92.823738
198.192520 118.316025
199.455429 143.614044
200.657166 168.640762
201.943268 193.673615
203.273102 218.539841
204.429977 243.314133
170.642151 93.807449
171.994278 119.350708
173.388367 144.510254
174.564362 169.673950
176.007858 194.598831
177.296173 219.568192
178.461502 244.378891
