326.145081 87.734802
327.108826 113.300720
328.101746 138.533585
329.012787 163.641144
329.967499 188.547623
331.013641 213.365204
331.857178 237.975403
300.077850 88.831902
301.204620 114.375076
302.256836 139.621490
303.293365 164.647156
304.326080 189.634811
305.310059 214.465042
306.371246 239.085648
274.169342 89.931641
275.321411 115.388641
276.412994 140.620392
277.488251 165.704971
278.595428 190.622543
279.632813 215.509827
280.670258 240.253357
248.136490 90.854912
249.346893 116.412003
250.507675 141.672211
251.681366 166.707062
252.822449 191.717392
254.044739 216.559372
255.194519 241.241852
222.092468 91.863396
223.341171 117.351158
224.549576 142.586426
225.713058 167.724045
227.050537 192.678757
228.230621 217.605667
229.415131 242.303757
195.958817 92.869835
197.333725 118.359695
198.561859 143.640793
199.832596 168.692490
201.206268 193.749527
202.446213 218.573883
203.600754 243.351349
169.724319 93.850319
171.193588 119.376274
172.511169 144.566696
173.726105 169.740692
175.188461 194.662949
176.460983 219.671219
177.673492 244.429733
