170.337921 94.306152
196.482697 93.324936
222.535278 92.352028
248.558624 91.302963
274.583801 90.335060
300.503906 89.277328
326.545135 88.229187
171.612183 119.700233
197.757004 118.633385
223.729660 117.674545
249.751465 116.674850
275.658966 115.696243
301.629517 114.633110
327.509430 113.631889
172.989532 144.982300
199.105194 143.990997
225.076401 143.010803
250.980408 142.008148
276.843719 141.007874
302.597107 139.943497
328.552643 138.918091
174.347046 170.170837
200.400421 169.082809
226.326340 168.134842
252.231506 167.099289
277.975098 166.128922
303.682831 165.097626
329.498749 164.025330
175.646362 195.087952
201.588943 194.114365
227.536224 193.089890
253.378281 192.140259
279.084259 191.031082
304.686951 189.953125
330.484589 188.852936
176.977875 220.015167
202.930420 218.933105
228.600983 217.983566
254.504593 216.946716
280.197998 215.800522
305.699738 214.734467
331.467499 213.673157
178.239304 244.670364
204.195404 243.646942
229.866104 242.560715
255.587280 241.537888
281.214081 240.545410
306.699890 239.427124
332.369904 238.363678
