325.995178 87.945786
327.016144 113.412254
328.014618 138.662979
328.966461 163.756149
329.906494 188.610947
331.003693 213.469467
331.810516 238.164261
299.925903 89.047363
301.086456 114.487419
302.140747 139.740128
303.240204 164.810532
304.272644 189.757935
305.255157 214.546417
306.342194 239.266464
274.036194 90.088264
275.234497 115.539200
276.360596 140.782135
277.445129 165.861038
278.564087 190.835770
279.605255 215.649124
280.657562 240.380142
247.998947 91.122726
249.265182 116.514412
250.463486 141.770004
251.615707 166.908768
252.759460 191.851456
253.933380 216.701614
255.146423 241.369492
221.984924 92.099373
223.265503 117.503098
224.507996 142.783051
225.655792 167.914902
226.964081 192.929977
228.173294 217.751831
229.397751 242.470383
195.816833 93.106133
197.259705 118.472977
198.514450 143.785721
199.771622 168.935638
201.180511 193.899216
202.426254 218.746002
203.580231 243.495483
169.650726 94.037163
171.118088 119.554710
172.469772 144.762985
173.663345 169.895462
175.162094 194.857468
176.451218 219.809784
177.650482 244.550629
