147.047363 36.991962
147.521408 48.758274
147.971390 60.518253
148.404251 72.299782
148.829147 84.087364
149.377319 95.980171
149.731735 107.901619
134.711945 37.724419
135.196045 49.446396
135.617630 61.198200
136.062683 72.936798
136.495255 84.729782
136.908875 96.562721
137.391571 108.419456
122.554848 38.435028
122.988861 50.135715
123.403214 61.835796
123.786232 73.548782
124.192024 85.310265
124.565208 97.127151
124.974091 108.988731
110.414986 39.128826
110.820396 50.766727
111.198959 62.452274
111.567825 74.177490
111.922188 85.892487
112.293282 97.662193
112.747208 109.475006
98.327377 39.770412
98.686226 51.416557
99.044235 63.084732
99.366837 74.769226
99.755173 86.513557
100.117218 98.212242
100.476990 110.015701
86.232780 40.449860
86.621559 52.029591
86.939095 63.688152
87.252724 75.367180
87.649490 87.029388
87.977524 98.746254
88.291222 110.494232
74.204597 41.066830
74.562897 52.703136
74.883842 64.291435
75.129684 75.908669
75.525032 87.555565
75.834824 99.295143
76.088821 111.006554
