147.513107 37.010464
147.866486 48.807205
148.317581 60.564888
148.766647 72.347740
149.247742 84.152603
149.693298 96.041328
150.127594 107.932442
135.135452 37.744614
135.615814 49.499767
135.998932 61.236835
136.450546 72.942749
136.887100 84.764519
137.323853 96.620125
137.726868 108.480209
123.014999 38.437164
123.399666 50.174866
123.818176 61.870369
124.221107 73.566742
124.589172 85.347725
124.974823 97.190437
125.353592 109.024971
110.850388 39.093517
111.244507 50.823566
111.599541 62.522259
111.990173 74.178993
112.341125 85.948364
112.682693 97.739624
113.089836 109.524055
98.733063 39.763412
99.123009 51.468334
99.471001 63.091827
99.744560 74.763596
100.139435 86.487129
100.474915 98.280762
100.872307 110.020370
86.650337 40.411591
87.053329 52.081715
87.392914 63.724842
87.664978 75.335045
88.006332 87.026237
88.376358 98.770279
88.675835 110.541595
74.648331 41.059273
74.961884 52.717861
75.320953 64.281319
75.544151 75.923279
75.921227 87.547218
76.237480 99.285690
76.470032 111.047340
