147.123596 36.962551
147.568680 48.768688
148.035690 60.519390
148.447250 72.294609
148.880096 84.118347
149.375168 95.994560
149.773514 107.868996
134.781174 37.690693
135.254028 49.463318
135.681610 61.201271
136.091522 72.925812
136.539154 84.743263
136.934189 96.597191
137.412582 108.391792
122.612717 38.413219
123.033134 50.131004
123.420059 61.831493
123.802254 73.554787
124.199883 85.301247
124.601837 97.159805
124.984131 108.994759
110.477005 39.072849
110.856285 50.786980
111.214996 62.476566
111.588951 74.154274
111.956223 85.888885
112.377754 97.693504
112.763420 109.500916
98.349426 39.732769
98.722511 51.430302
99.071259 63.068459
99.391060 74.742210
99.786034 86.438622
100.146973 98.262047
100.493866 110.036026
86.282272 40.397594
86.654831 52.056614
86.964806 63.700657
87.281914 75.314522
87.661812 87.016449
87.988739 98.751419
88.274765 110.524178
74.228981 41.049271
74.608063 52.696724
74.910507 64.270500
75.160545 75.899643
75.556313 87.531921
75.835907 99.311195
76.095512 111.024796
