74.528862 41.089691
86.541084 40.445770
98.582664 39.793755
110.681198 39.118000
122.827232 38.461163
135.010529 37.745880
147.320267 37.044788
74.793678 52.673447
86.854393 52.016232
98.915161 51.409225
111.049942 50.763397
123.203949 50.127598
135.461685 49.432896
147.746124 48.781487
75.127182 64.278862
87.230339 63.692780
99.307945 63.100368
111.443283 62.475857
123.645432 61.867367
135.849121 61.211437
148.226761 60.556938
75.447380 75.941307
87.564201 75.341789
99.663513 74.768051
111.846703 74.188614
124.045433 73.595421
136.281876 72.974136
148.674744 72.336617
75.734184 87.555435
87.846359 87.038208
100.017754 86.490913
112.225281 85.949547
124.422798 85.341591
136.705673 84.716148
149.134827 84.118515
76.053734 99.291077
88.209251 98.746468
100.305374 98.257713
112.580635 97.715721
124.850975 97.145660
137.114456 96.600616
149.596161 96.009666
76.352654 110.985390
88.549881 110.505737
100.703255 109.994530
112.956993 109.493942
125.235367 108.996689
137.532043 108.441383
149.995148 107.924637
