147.547440 37.062458
147.956650 48.858833
148.408112 60.602489
148.826584 72.361580
149.269745 84.188225
149.728653 96.073990
150.150848 107.961174
135.193085 37.817333
135.683212 49.555237
136.068222 61.281715
136.486191 72.995842
136.910538 84.819092
137.366867 96.666222
137.768036 108.518219
123.050301 38.478447
123.444267 50.209644
123.841782 61.884922
124.259872 73.592415
124.618065 85.365364
125.007065 97.224930
125.382538 109.069817
110.888153 39.164063
111.296837 50.859352
111.649315 62.549297
112.019173 74.204514
112.368523 85.962547
112.731232 97.773109
113.155060 109.563515
98.806885 39.837982
99.176285 51.497734
99.515762 63.128952
99.788574 74.793533
100.223557 86.498489
100.513916 98.321404
100.908913 110.062454
86.728203 40.457424
87.118011 52.125973
87.420723 63.757648
87.725159 75.355377
88.086456 87.045013
88.407524 98.814697
88.719513 110.578766
74.689674 41.107857
75.067139 52.749752
75.370056 64.326561
75.591255 75.942413
75.982155 87.569565
76.257858 99.324562
76.518921 111.094254
