363.513763 95.709343
361.685883 124.705360
360.105042 154.024765
358.286591 183.389435
356.564423 213.085571
354.695618 242.966705
352.813690 273.310699
337.107666 99.305031
335.326477 127.652443
333.538330 156.376175
331.689331 185.271530
329.737915 214.285080
327.912628 243.561798
325.626984 273.154633
311.920197 102.606064
309.845734 130.518250
308.195190 158.566025
306.102753 186.794250
304.106995 215.350525
302.312408 244.227325
299.761383 273.113251
287.538818 105.732887
285.535217 133.227112
283.603973 160.681015
281.522522 188.449631
279.514587 216.417007
277.415741 244.631882
275.556763 273.186951
264.273132 108.819160
262.161346 135.672028
260.161652 162.714905
257.922852 190.013779
255.873337 217.474182
253.531494 245.204178
251.566528 273.160767
241.479279 111.723648
239.530579 138.219864
237.378922 164.682434
235.223434 191.456680
233.096375 218.413315
230.767990 245.607727
228.522430 273.117981
219.621475 114.522575
217.556610 140.498978
215.519562 166.589493
213.137680 192.781784
211.010452 219.418152
208.600815 246.155533
206.307602 273.132629
