363.851593 96.024780
362.139526 124.963226
360.444550 154.289536
358.575104 183.585815
356.880035 213.312988
355.055695 243.239838
353.229919 273.470490
337.440247 99.480904
335.607391 127.899864
333.818390 156.520630
332.045502 185.473633
330.169189 214.413940
328.305695 243.739014
325.942291 273.320343
312.356659 102.776070
310.295532 130.665207
308.499695 158.746765
306.419495 187.030991
304.462738 215.519455
302.587463 244.346710
300.165710 273.293976
287.897858 105.996147
285.895233 133.403793
283.994995 160.925034
281.914795 188.572433
279.825806 216.565155
277.667419 244.787231
275.872650 273.361359
264.568207 109.111671
262.497192 135.868652
260.498474 162.952606
258.322937 190.195358
256.299164 217.573410
253.819656 245.304428
251.930771 273.311310
241.826492 111.920967
239.849258 138.374664
237.678223 164.830627
235.507599 191.585327
233.440201 218.558197
231.196625 245.729095
228.810333 273.266418
220.052841 114.632637
217.985321 140.610687
215.856964 166.724045
213.470337 192.942078
211.394073 219.501923
208.971466 246.300476
206.516830 273.261688
