363.225891 95.763954
361.426758 124.753265
359.700439 154.126419
357.924133 183.441513
356.350159 213.174683
354.405670 243.129181
352.512512 273.390076
336.677948 99.348221
334.907288 127.720108
333.223083 156.427536
331.442627 185.356079
329.450287 214.344421
327.578369 243.648743
325.360657 273.254028
311.564514 102.654694
309.561371 130.555969
307.760254 158.626633
305.698822 186.884537
303.730133 215.411407
301.970673 244.295731
299.485291 273.220093
287.260834 105.821831
285.305023 133.249542
283.332367 160.770981
281.287567 188.519028
279.261047 216.494293
277.105530 244.714493
275.310913 273.297363
263.846161 108.906212
261.734100 135.751892
259.732452 162.806351
257.567383 190.098709
255.580551 217.521652
253.259430 245.291870
251.361389 273.265686
241.181976 111.804649
239.229401 138.269730
237.024185 164.757431
234.831284 191.512131
232.712479 218.489487
230.504898 245.663239
228.275085 273.242676
219.350739 114.567192
217.264435 140.565002
215.224472 166.649429
212.704697 192.906662
210.641312 219.492737
208.339844 246.286041
205.851425 273.235046
