146.345978 25.835693
146.194748 38.522968
146.110077 51.338337
145.949371 64.061913
145.849960 76.931480
145.725845 89.757248
145.689514 102.690742
133.012939 25.760187
132.812714 38.467655
132.667191 51.197742
132.569153 64.060097
132.396881 76.782860
132.243454 89.633163
132.019775 102.489006
119.844086 25.692654
119.539406 38.382843
119.428421 51.125599
119.206245 63.882862
119.031136 76.682526
118.906609 89.525505
118.582901 102.336678
106.520752 25.603834
106.253563 38.325737
106.103600 51.032131
105.875267 63.750271
105.654076 76.551155
105.371681 89.365814
105.373970 102.248825
93.336052 25.579044
93.026413 38.191528
92.836777 50.932484
92.565987 63.665043
92.391693 76.409088
91.951126 89.243919
91.908089 102.092194
79.961182 25.414394
79.781059 38.115211
79.497314 50.765842
79.230324 63.514412
79.041077 76.270363
78.760971 89.067116
78.435738 101.925644
66.688118 25.230068
66.459274 37.929852
66.212082 50.637894
65.843285 63.336300
65.679108 76.129448
65.352547 88.949928
65.001633 101.780060
