146.197113 25.727175
145.999832 38.448315
145.955231 51.264187
145.820862 64.012108
145.703232 76.865105
145.538956 89.670227
145.473175 102.650276
132.871323 25.707756
132.692947 38.398182
132.547791 51.169945
132.403122 63.996754
132.197693 76.750038
132.053497 89.582100
131.861191 102.442719
119.631760 25.630898
119.320999 38.346573
119.284073 51.080048
119.045174 63.802719
118.844963 76.625305
118.758316 89.493263
118.359459 102.287537
106.351471 25.505646
106.081917 38.279972
105.910217 50.954483
105.681877 63.714447
105.503860 76.495911
105.257149 89.316086
105.205101 102.195145
93.191628 25.464355
92.859863 38.130402
92.659668 50.844204
92.355530 63.595402
92.168961 76.380333
91.801468 89.208328
91.699554 102.045288
79.783806 25.335419
79.615768 38.068413
79.338661 50.716469
79.088081 63.467430
78.860970 76.212669
78.531700 89.017624
78.272827 101.886299
66.445221 25.186024
66.222794 37.888439
66.031013 50.583939
65.665794 63.266998
65.468544 76.091446
65.146461 88.877708
64.883102 101.728264
