146.166382 25.676670
145.967300 38.381004
145.851135 51.230728
145.732880 63.966606
145.688889 76.837830
145.502136 89.693268
145.422577 102.656654
132.763046 25.624132
132.578064 38.331295
132.484451 51.103973
132.380676 63.961357
132.148407 76.707794
131.983917 89.561195
131.826965 102.414207
119.560966 25.547188
119.281906 38.261665
119.159950 50.998108
118.935928 63.747269
118.744331 76.571808
118.683380 89.454918
118.324211 102.252640
106.318069 25.434986
106.075737 38.172253
105.876472 50.882336
105.660919 63.642696
105.464622 76.444420
105.190559 89.274368
105.185333 102.160164
93.081459 25.371397
92.748543 38.032871
92.543694 50.759396
92.265343 63.522354
92.114243 76.296921
91.769180 89.153214
91.703194 101.999321
79.749908 25.236534
79.566231 37.955399
79.249977 50.612381
78.975594 63.365086
78.747139 76.125420
78.498024 88.941879
78.223434 101.818100
66.419121 25.068001
66.175621 37.774075
65.974281 50.471058
65.513283 63.183136
65.403694 76.016846
65.101456 88.834030
64.721199 101.667961
