0.000000 0.000000 0.000000
21.000000 0.000000 0.000000
42.000000 0.000000 0.000000
63.000000 0.000000 0.000000
84.000000 0.000000 0.000000
105.000000 0.000000 0.000000
126.000000 0.000000 0.000000
0.000000 21.000000 0.000000
21.000000 21.000000 0.000000
42.000000 21.000000 0.000000
63.000000 21.000000 0.000000
84.000000 21.000000 0.000000
105.000000 21.000000 0.000000
126.000000 21.000000 0.000000
0.000000 42.000000 0.000000
21.000000 42.000000 0.000000
42.000000 42.000000 0.000000
63.000000 42.000000 0.000000
84.000000 42.000000 0.000000
105.000000 42.000000 0.000000
126.000000 42.000000 0.000000
0.000000 63.000000 0.000000
21.000000 63.000000 0.000000
42.000000 63.000000 0.000000
63.000000 63.000000 0.000000
84.000000 63.000000 0.000000
105.000000 63.000000 0.000000
126.000000 63.000000 0.000000
0.000000 84.000000 0.000000
21.000000 84.000000 0.000000
42.000000 84.000000 0.000000
63.000000 84.000000 0.000000
84.000000 84.000000 0.000000
105.000000 84.000000 0.000000
126.000000 84.000000 0.000000
0.000000 105.000000 0.000000
21.000000 105.000000 0.000000
42.000000 105.000000 0.000000
63.000000 105.000000 0.000000
84.000000 105.000000 0.000000
105.000000 105.000000 0.000000
126.000000 105.000000 0.000000
0.000000 126.000000 0.000000
21.000000 126.000000 0.000000
42.000000 126.000000 0.000000
63.000000 126.000000 0.000000
84.000000 126.000000 0.000000
105.000000 126.000000 0.000000
126.000000 126.000000 0.000000
